v 0.0 0.0 0.0
v 0.5 2.0 0.0
v 1.5 1.5 0.0
v 2.0 0.5 0.0
v 2.0 -0.5 0.0
v 1.5 -1.5 0.0
v 0.5 -2.0 0.0
v -0.5 -2.0 0.0
v -1.5 -1.5 0.0
v -2.0 -0.5 0.0
v -2.0 0.5 0.0
v -1.5 1.5 0.0
v -0.5 2.0 0.0
v 0.0 0.0 1.0
v 1.0 2.5 1.0
v 2.0 2.0 1.0
v 2.5 1.0 1.0
v 2.5 -1.0 1.0
v 2.0 -2.0 1.0
v 1.0 -2.5 1.0
v -1.0 -2.5 1.0
v -2.0 -2.0 1.0
v -2.5 -1.0 1.0
v -2.5 1.0 1.0
v -2.0 2.0 1.0
v -1.0 2.5 1.0
f 0 1 2
f 0 2 3
f 0 3 4
f 0 4 5
f 0 5 6
f 0 6 7
f 0 7 8
f 0 8 9
f 0 9 10
f 0 10 11
f 0 11 12
f 0 12 1
f 13 14 15
f 13 15 16
f 13 16 17
f 13 17 18
f 13 18 19
f 13 19 20
f 13 20 21
f 13 21 22
f 13 22 23
f 13 23 24
f 13 24 25
f 13 25 14
f 1 13 14
f 1 2 14
f 2 14 15
f 2 3 15
f 3 15 16
f 3 4 16
f 4 16 17
f 4 5 17
f 5 17 18
f 5 6 18
f 6 18 19
f 6 7 19
f 7 19 20
f 7 8 20
f 8 20 21
f 8 9 21
f 9 21 22
f 9 10 22
f 10 22 23
f 10 11 23
f 11 23 24
f 11 12 24
f 12 24 25
f 12 1 25